 ,Area
1,1605
2,1374
3,1293
4,1179
5,211
6,139
7,78
8,1930
9,2158
10,638
11,1459
12,1362
13,613
14,1300
15,1156
16,390
17,1492
18,237
19,1029
20,2921
21,468
22,3834
23,264
24,515
25,439
26,205
27,925
28,793
29,116
30,1335
31,902
32,1137
33,2698
34,2256
35,526
36,671
37,779
38,1964
39,113
40,1418
41,861
42,669
43,291
44,1231
45,1083
46,384
47,425
48,594
49,1263
50,714
51,641
52,62
53,158
54,153
55,924
56,239
57,1846
58,3955
59,3235
60,489
61,1519
62,782
63,596
64,2262
65,2589
66,458
67,2091
68,791
69,5156
70,477
71,1532
72,1708
73,609
74,195
75,1477
76,624
77,334
78,451
79,177
80,113
81,427
82,646
83,2128
84,1933
85,976
86,1280
87,1144
88,1608
89,1238
90,1674
91,1221
92,1155
93,348
94,612
95,79
96,82
97,1637
98,671
99,163
100,392
101,319
102,1120
103,2255
104,1435
105,2076
106,880
107,1586
108,473
109,1546
110,431
111,917
112,2998
113,624
114,1087
115,928
116,895
117,134
118,1592
119,1855
120,357
121,612
122,1036
123,527
124,1122
125,522
126,1282
127,452
128,626
129,196
130,329
131,286
132,844
133,658
134,886
135,2239
136,580
137,465
138,712
139,968
140,1226
141,122
142,513
143,652
144,2197
145,774
146,1165
147,438
148,980
149,1857
150,729
151,187
152,364
153,65
154,1254
155,1144
156,174
157,715
158,1324
159,1733
160,288
161,635
162,595
163,646
164,578
165,740
166,490
167,162
168,52
169,157
170,1536
171,60
172,864
173,635
174,916
175,1065
176,259
177,407
178,783
179,534
180,583
181,1061
182,828
183,167
184,877
185,1278
186,909
187,340
188,1346
189,2160
190,123
191,701
192,470
193,305
194,516
195,157
196,1521
197,529
198,608
199,1210
200,778
201,361
202,722
203,1201
204,507
205,657
206,130
207,364
208,1051
209,277
210,362
211,632
212,758
213,665
214,763
215,3131
216,203
217,2189
218,968
219,584
220,1362
221,575
222,360
223,1750
224,1008
225,1510
226,898
227,1441
228,919
229,342
230,1059
231,1223
232,1253
233,1443
234,293
235,273
236,237
237,1412
238,596
239,688
240,2248
241,401
242,1039
243,1668
244,1246
245,2456
246,881
247,1964
248,280
249,1539
250,262
251,1455
252,173
253,1409
254,1540
255,160
256,1072
257,1270
258,825
259,157
260,846
261,405
262,1655
263,414
264,801
265,130
266,1114
267,2024
268,79
269,896
270,343
271,144
272,116
273,494
274,1036
275,732
276,2240
277,160
278,193
279,745
280,1913
281,405
282,1098
283,1200
284,732
285,164
286,450
287,1023
288,472
289,1052
290,1750
291,3245
292,991
293,2432
294,646
295,75
296,1068
297,619
298,349
299,1682
300,148
301,489
302,201
303,1028
304,290
305,68
306,298
307,2804
308,2806
309,624
310,276
311,1455
312,2174
313,511
314,3300
315,326
316,1626
317,1970
318,206
319,152
320,1195
321,502
322,956
323,1551
324,954
325,568
326,1655
327,1489
328,2109
329,2038
330,975
331,1598
332,1520
333,1241
334,616
335,657
336,210
337,554
338,1134
339,1054
340,4655
341,1106
342,766
343,1349
344,562
345,617
346,697
347,1387
348,399
349,1723
350,829
351,333
352,1746
353,3001
354,2363
355,844
356,270
357,1987
358,716
359,217
360,110
361,1164
362,1810
363,99
364,694
365,2124
366,3168
367,148
368,315
369,384
370,1032
371,123
372,669
373,35
374,951
375,1335
